6.000000000000005329e-02 8.750000000000000000e+00 5.800000000000000711e-01 2.959999999999999964e+00
1.300000000000001155e-01 8.480000000000000426e+00 1.049999999999999822e+00 9.799999999999999822e-01
1.999999999999999556e-01 4.580000000000000071e+00 1.239999999999999991e+00 7.600000000000002309e-01
2.399999999999999911e-01 3.120000000000000107e+00 1.570000000000000062e+00 6.599999999999999201e-01
2.900000000000000355e-01 2.419999999999999929e+00 1.770000000000000240e+00 6.100000000000000977e-01
3.199999999999998401e-01 2.200000000000000178e+00 1.900000000000000133e+00 5.800000000000000711e-01
3.600000000000000977e-01 2.010000000000000231e+00 1.989999999999999991e+00 5.500000000000000444e-01
4.000000000000001332e-01 1.869999999999999885e+00 2.049999999999999822e+00 5.300000000000000266e-01
4.399999999999999467e-01 1.740000000000000213e+00 2.110000000000000320e+00 5.200000000000000178e-01
4.699999999999999734e-01 1.639999999999999902e+00 2.150000000000000355e+00 5.100000000000000089e-01
5.000000000000000000e-01 1.559999999999999831e+00 2.179999999999999716e+00 5.100000000000000089e-01
5.299999999999998046e-01 1.489999999999999991e+00 2.209999999999999964e+00 5.000000000000000000e-01
5.599999999999998312e-01 1.410000000000000142e+00 2.230000000000000426e+00 4.899999999999999911e-01
5.800000000000000711e-01 1.359999999999999876e+00 2.250000000000000000e+00 4.899999999999999911e-01
6.100000000000000977e-01 1.310000000000000053e+00 2.270000000000000462e+00 4.799999999999999822e-01
6.400000000000001243e-01 1.270000000000000018e+00 2.290000000000000036e+00 4.799999999999999822e-01
6.599999999999999201e-01 1.229999999999999982e+00 2.299999999999999822e+00 4.799999999999999822e-01
6.899999999999999467e-01 1.189999999999999947e+00 2.309999999999999609e+00 4.699999999999999734e-01
6.999999999999997335e-01 1.160000000000000142e+00 2.320000000000000284e+00 4.699999999999999734e-01
7.199999999999999734e-01 1.129999999999999893e+00 2.330000000000000071e+00 4.699999999999999734e-01
7.500000000000000000e-01 1.100000000000000089e+00 2.339999999999999858e+00 4.599999999999999645e-01
7.699999999999997957e-01 1.069999999999999840e+00 2.349999999999999645e+00 4.599999999999999645e-01
7.900000000000000355e-01 1.049999999999999822e+00 2.349999999999999645e+00 4.599999999999999645e-01
7.999999999999998224e-01 1.029999999999999805e+00 2.360000000000000320e+00 4.599999999999999645e-01
8.299999999999998490e-01 1.000000000000000000e+00 2.370000000000000107e+00 4.599999999999999645e-01
8.500000000000000888e-01 9.799999999999999822e-01 2.370000000000000107e+00 4.499999999999999556e-01
8.599999999999998757e-01 9.700000000000001954e-01 2.379999999999999893e+00 4.499999999999999556e-01
8.800000000000001155e-01 9.500000000000001776e-01 2.379999999999999893e+00 4.499999999999999556e-01
8.999999999999999112e-01 9.300000000000001599e-01 2.389999999999999680e+00 4.499999999999999556e-01
9.100000000000001421e-01 9.299999999999999378e-01 2.389999999999999680e+00 4.499999999999999556e-01
9.299999999999999378e-01 9.099999999999999201e-01 2.389999999999999680e+00 4.499999999999999556e-01
9.500000000000001776e-01 9.000000000000001332e-01 2.400000000000000355e+00 4.499999999999999556e-01
9.599999999999999645e-01 8.899999999999999023e-01 2.400000000000000355e+00 4.499999999999999556e-01
9.699999999999999734e-01 8.699999999999998845e-01 2.400000000000000355e+00 4.499999999999999556e-01
9.800000000000002043e-01 8.600000000000000977e-01 2.410000000000000142e+00 4.499999999999999556e-01
1.000000000000000000e+00 8.499999999999998668e-01 2.410000000000000142e+00 4.400000000000001688e-01
1.010000000000000231e+00 8.400000000000000799e-01 2.410000000000000142e+00 4.400000000000001688e-01
1.020000000000000240e+00 8.299999999999998490e-01 2.419999999999999929e+00 4.400000000000001688e-01
1.030000000000000027e+00 8.200000000000000622e-01 2.419999999999999929e+00 4.400000000000001688e-01
1.050000000000000266e+00 8.099999999999998312e-01 2.419999999999999929e+00 4.400000000000001688e-01
1.060000000000000053e+00 8.000000000000000444e-01 2.419999999999999929e+00 4.400000000000001688e-01
1.060000000000000053e+00 7.899999999999998135e-01 2.419999999999999929e+00 4.400000000000001688e-01
1.080000000000000293e+00 7.800000000000000266e-01 2.429999999999999716e+00 4.400000000000001688e-01
1.080000000000000293e+00 7.800000000000000266e-01 2.429999999999999716e+00 4.400000000000001688e-01
1.100000000000000089e+00 7.800000000000002487e-01 2.429999999999999716e+00 4.400000000000001688e-01
1.100000000000000089e+00 7.700000000000000178e-01 2.429999999999999716e+00 4.400000000000001688e-01
1.109999999999999876e+00 7.600000000000002309e-01 2.429999999999999716e+00 4.400000000000001688e-01
1.130000000000000115e+00 7.600000000000002309e-01 2.429999999999999716e+00 4.400000000000001688e-01
1.130000000000000115e+00 7.500000000000000000e-01 2.440000000000000391e+00 4.400000000000001688e-01
1.130000000000000115e+00 7.500000000000000000e-01 2.440000000000000391e+00 4.400000000000001688e-01
