5.637121800000000071e-01 7.826204299999999225e-01 1.003680000000000128e-01 1.086220600000000758e-01 4.190564599999999640e-01
4.937338099999999397e-01 7.069368300000000715e-01 1.691911500000000679e-01 1.061195900000000414e-01 4.210513700000000359e-01
4.737725099999998690e-01 6.544473000000001761e-01 2.113997300000001189e-01 1.043413099999999094e-01 4.207797600000000582e-01
4.499439199999999417e-01 6.134280999999999207e-01 2.408068699999998952e-01 1.032414899999998248e-01 4.184425199999999290e-01
4.227217500000000072e-01 5.796852100000000618e-01 2.627567699999999729e-01 1.027704799999999974e-01 4.143357599999999419e-01
3.958051200000001213e-01 5.510756900000000069e-01 2.798938499999998886e-01 1.028777699999998685e-01 4.088059899999998414e-01
3.710736100000000537e-01 5.263158599999999687e-01 2.937092199999999931e-01 1.035143099999999983e-01 4.022060800000000214e-01
3.491767500000000357e-01 5.045618300000001000e-01 3.051190000000001401e-01 1.046340400000000948e-01 3.948620300000000860e-01
3.301643499999999953e-01 4.852231399999999972e-01 3.147229699999998243e-01 1.061947199999999647e-01 3.870532199999998646e-01
3.138231600000001009e-01 4.678697900000001741e-01 3.229319800000001184e-01 1.081581000000000348e-01 3.790049899999998750e-01
2.998460299999998746e-01 4.521752999999999467e-01 3.300383399999999856e-01 1.104898700000001011e-01 3.708928400000000014e-01
2.879127399999998893e-01 4.378876400000000224e-01 3.362563000000000635e-01 1.131596299999999555e-01 3.628438400000000286e-01
2.777207599999997889e-01 4.248058699999999188e-01 3.417469799999999225e-01 1.161389000000001559e-01 3.549479700000000015e-01
2.690027299999999677e-01 4.127709599999997980e-01 3.466337200000000340e-01 1.194028700000000498e-01 3.472650899999998320e-01
2.615281700000000598e-01 4.016493100000000371e-01 3.510134799999999888e-01 1.229284999999999961e-01 3.398321499999998885e-01
2.551019900000000007e-01 3.913317699999998567e-01 3.549628599999998801e-01 1.266945200000000327e-01 3.326691199999998183e-01
2.495598699999999059e-01 3.817284899999999759e-01 3.585435799999998618e-01 1.306811300000001452e-01 3.257837000000001204e-01
2.447664000000000506e-01 3.727614100000000708e-01 3.618059099999999528e-01 1.348697400000000712e-01 3.191749099999998673e-01
2.406067800000000201e-01 3.643647199999999753e-01 3.647912600000000616e-01 1.392427599999999099e-01 3.128360700000001327e-01
2.369860299999999587e-01 3.564818600000001503e-01 3.675340500000001676e-01 1.437838899999999143e-01 3.067565100000000378e-01
2.338248499999999730e-01 3.490640900000001601e-01 3.700630500000001710e-01 1.484773900000000424e-01 3.009232299999999860e-01
2.310568999999997875e-01 3.420683799999999497e-01 3.724029099999999204e-01 1.533084000000000113e-01 2.953219099999999653e-01
2.286265599999999232e-01 3.354577300000001205e-01 3.745742400000000583e-01 1.582634899999999512e-01 2.899377000000000759e-01
2.264870299999999226e-01 3.291993199999998509e-01 3.765948500000000365e-01 1.633282499999999526e-01 2.847557099999999952e-01
2.245988100000000376e-01 3.232641300000000939e-01 3.784800900000000468e-01 1.684907400000001942e-01 2.797613500000000197e-01
2.229284600000001060e-01 3.176264200000000759e-01 3.802432300000000431e-01 1.737388699999999897e-01 2.749406000000000905e-01
2.214475700000000380e-01 3.122632200000001745e-01 3.818957800000000180e-01 1.790616199999999214e-01 2.702801099999998513e-01
2.201318899999999967e-01 3.071539599999999481e-01 3.834479399999999316e-01 1.844484600000000363e-01 2.657671099999998621e-01
2.189607399999999870e-01 3.022801999999999989e-01 3.849091399999999830e-01 1.898895700000000630e-01 2.613901800000000275e-01
2.179163000000001738e-01 2.976244500000000404e-01 3.862866700000000542e-01 1.953757099999999802e-01 2.571382199999998619e-01
2.169833000000001011e-01 2.931734000000001394e-01 3.875877400000000694e-01 2.008982899999998128e-01 2.530010900000001506e-01
2.161485300000001164e-01 2.889125000000001275e-01 3.888180700000001266e-01 2.064492700000000180e-01 2.489693800000001289e-01
2.154005500000000239e-01 2.848293699999999706e-01 3.899842500000001433e-01 2.120211999999999097e-01 2.450344800000001655e-01
2.147294299999999989e-01 2.809127000000000152e-01 3.910906899999999631e-01 2.176071399999999212e-01 2.411884499999998877e-01
2.141260199999999170e-01 2.771521500000000415e-01 3.921419499999998504e-01 2.232007000000000296e-01 2.374239500000001613e-01
2.135838100000000406e-01 2.735382899999998507e-01 3.931426499999999269e-01 2.287959399999999199e-01 2.337343000000000615e-01
2.130956600000000201e-01 2.700624199999999142e-01 3.940953199999999157e-01 2.343873899999999733e-01 2.301133899999998622e-01
2.126557700000000217e-01 2.667165799999999809e-01 3.950038000000000160e-01 2.399700700000000353e-01 2.265556200000000686e-01
2.122590499999998936e-01 2.634934099999999280e-01 3.958711399999998992e-01 2.455402999999998226e-01 2.230558700000000449e-01
2.119010100000000563e-01 2.603861199999999432e-01 3.967000299999998703e-01 2.510921500000000695e-01 2.196094399999999336e-01
2.115776799999999902e-01 2.573884200000000622e-01 3.974930199999999747e-01 2.566226200000001345e-01 2.162117500000000359e-01
2.112855700000000336e-01 2.544945100000000071e-01 3.982523500000001437e-01 2.621282300000000731e-01 2.128595800000001592e-01
2.110215300000000127e-01 2.516989800000000166e-01 3.989801600000000281e-01 2.676058700000001345e-01 2.095490399999999642e-01
2.107828100000002092e-01 2.489968099999999573e-01 3.996783399999999098e-01 2.730526899999998758e-01 2.062769500000001255e-01
2.105669500000000305e-01 2.463833500000001120e-01 4.003486700000000731e-01 2.784661600000000181e-01 2.030403800000000203e-01
2.103717500000001905e-01 2.438542100000000712e-01 4.009928000000000381e-01 2.838440700000000039e-01 1.998366599999998883e-01
2.101952400000000054e-01 2.414053600000001243e-01 4.016122099999999140e-01 2.891844000000001191e-01 1.966633799999999432e-01
2.100356899999999971e-01 2.390329700000000113e-01 4.022083199999999525e-01 2.944853899999999580e-01 1.935183600000001114e-01
2.098914899999999584e-01 2.367335000000001521e-01 4.027823800000001064e-01 2.997455199999998765e-01 1.903985999999999734e-01
2.097612399999999599e-01 2.345036199999999127e-01 4.033356300000001671e-01 3.049634800000000645e-01 1.873044100000000878e-01
