1.916776049999999953e+00 5.765261099999998695e-01 2.117188230000000004e+00 1.571573460000000200e+00 1.884237999999993640e-02
1.449051160000000005e+00 5.755519200000001057e-01 1.675226580000000132e+00 1.516701729999999859e+00 4.195735999999983257e-02
1.184978360000000119e+00 5.721749300000000815e-01 1.378595270000000150e+00 1.462502200000000085e+00 6.954642999999993691e-02
1.011440189999999850e+00 5.685569499999998389e-01 1.163883519999999949e+00 1.408963880000000168e+00 9.997019000000006983e-02
8.868408999999997100e-01 5.651472600000000401e-01 1.001389860000000187e+00 1.356095749999999711e+00 1.308074900000000262e-01
7.919993800000000306e-01 5.620591400000001236e-01 8.744591999999999921e-01 1.303910819999999804e+00 1.610158200000000317e-01
7.167362399999999134e-01 5.593077899999998603e-01 7.728625300000000475e-01 1.252427410000000130e+00 1.902703599999999717e-01
6.551131999999999511e-01 5.568757500000001137e-01 6.899339000000002109e-01 1.201667430000000092e+00 2.185756300000001318e-01
6.034260300000000576e-01 5.547353899999998283e-01 6.211362100000001885e-01 1.151654280000000030e+00 2.460585400000001588e-01
5.592435500000001447e-01 5.528572199999999270e-01 5.632744400000002649e-01 1.102415409999999873e+00 2.728710400000000647e-01
5.209029800000000154e-01 5.512130699999999717e-01 5.140351500000002183e-01 1.053975290000000120e+00 2.991513900000000170e-01
4.872265100000001681e-01 5.497771599999998760e-01 4.717038199999998849e-01 1.006358690000000111e+00 3.250131700000000734e-01
4.573537199999999636e-01 5.485265000000001390e-01 4.349842000000001541e-01 9.595886999999998501e-01 3.505453000000000596e-01
4.306387300000000806e-01 5.474406800000002349e-01 4.028790999999998235e-01 9.136872099999997499e-01 3.758160299999997456e-01
4.065847599999998785e-01 5.465016999999998681e-01 3.746096999999999344e-01 8.686716600000001787e-01 4.008773499999997991e-01
3.848016799999998128e-01 5.456937200000000487e-01 3.495594599999998220e-01 8.245584500000000538e-01 4.257687400000000899e-01
3.649772300000000413e-01 5.450027499999998692e-01 3.272343899999998751e-01 7.813604099999997832e-01 4.505205100000000407e-01
3.468574599999998398e-01 5.444165199999999594e-01 3.072344299999998363e-01 7.390873200000001031e-01 4.751561200000000706e-01
3.302328600000001835e-01 5.439240699999998707e-01 2.892323099999998259e-01 6.977458099999997998e-01 4.996938399999999447e-01
3.149284600000001877e-01 5.435157799999998929e-01 2.729580599999998913e-01 6.573394900000002483e-01 5.241482400000001540e-01
3.007965999999999696e-01 5.431830700000002121e-01 2.581870099999998835e-01 6.178691700000000786e-01 5.485309600000001229e-01
2.877114600000001410e-01 5.429183200000000653e-01 2.447308899999998122e-01 6.077241300000000290e-01 5.728515800000000269e-01
2.755649700000000202e-01 5.427147000000001054e-01 2.324307699999998977e-01 6.066000499999997242e-01 5.971180000000000376e-01
2.642636700000000616e-01 5.425661400000001411e-01 2.211517499999997582e-01 6.052209100000001119e-01 6.213369000000001918e-01
2.537261900000000736e-01 5.424671599999999483e-01 2.107785399999997367e-01 6.036209700000001455e-01 6.455139500000002251e-01
2.438813200000002901e-01 5.424128800000000972e-01 2.012120999999997828e-01 6.018310900000001240e-01 6.696541899999997050e-01
2.346663599999998517e-01 5.423988799999999166e-01 1.923669600000001978e-01 5.998782800000002080e-01 6.937618899999997701e-01
2.260258899999998405e-01 5.424212100000000980e-01 1.841689599999998261e-01 5.977870100000002296e-01 7.178409100000000542e-01
2.179107700000000314e-01 5.424762499999997711e-01 1.765535099999999691e-01 5.955785399999999896e-01 7.418947799999999759e-01
2.102772299999999817e-01 5.425607400000000968e-01 1.694640799999997949e-01 5.932719200000000637e-01 7.659264799999998541e-01
2.030860899999999969e-01 5.426717899999999872e-01 1.628510000000003011e-01 5.908839899999998035e-01 7.899389800000000683e-01
1.963022699999998899e-01 5.428067100000000256e-01 1.566704899999997735e-01 5.884295499999998569e-01 8.139349600000000962e-01
1.898941500000002058e-01 5.429630599999999419e-01 1.508838500000000415e-01 5.859218899999998342e-01 8.379167300000001095e-01
1.838333199999999668e-01 5.431386099999999661e-01 1.454566999999999943e-01 5.833725899999997466e-01 8.618865999999998362e-01
1.780940099999999138e-01 5.433314200000001204e-01 1.403584300000000340e-01 5.807916900000000826e-01 8.858465900000001003e-01
1.726529300000001488e-01 5.435395899999999614e-01 1.355617199999998856e-01 5.781884099999998750e-01 9.097987599999999286e-01
1.674887599999999033e-01 5.437614699999997470e-01 1.310420800000000607e-01 5.755706199999999217e-01 9.337448200000000309e-01
1.625822999999999574e-01 5.439955300000001159e-01 1.267775600000000669e-01 5.729452900000000515e-01 9.576865999999999435e-01
1.579160200000000458e-01 5.442404100000002298e-01 1.227483400000000113e-01 5.703185100000001118e-01 9.816255999999998760e-01
1.534737199999998136e-01 5.444947099999999374e-01 1.189365999999998369e-01 5.676956300000000066e-01 1.005563470000000015e+00
1.492407399999999829e-01 5.447573699999999075e-01 1.153261799999998338e-01 5.650812900000001804e-01 1.029501099999999836e+00
1.452035700000000595e-01 5.450272800000002249e-01 1.119024399999999364e-01 5.624794699999997594e-01 1.053440679999999796e+00
1.413497499999998297e-01 5.453034799999998405e-01 1.086521099999999684e-01 5.598937499999998568e-01 1.077383120000000138e+00
1.376680299999999413e-01 5.455850100000001479e-01 1.055630599999999308e-01 5.573271099999999034e-01 1.101329230000000159e+00
1.341475799999998220e-01 5.458710300000002569e-01 1.026242699999999619e-01 5.547821500000000849e-01 1.125280660000000044e+00
1.307789699999999389e-01 5.461608499999999200e-01 9.982566000000003825e-02 5.522611200000000498e-01 1.149238089999999879e+00
1.275531199999999643e-01 5.464537400000000211e-01 9.715800000000007763e-02 5.497658899999997573e-01 1.173202800000000101e+00
1.244617499999998156e-01 5.467490399999999084e-01 9.461281000000010266e-02 5.472980100000002235e-01 1.197175409999999829e+00
1.214975400000000150e-01 5.470461299999997973e-01 9.218233999999991823e-02 5.448588100000000267e-01 1.221157009999999987e+00
1.186521499999999563e-01 5.473445500000002628e-01 8.985945000000006289e-02 5.424494300000000102e-01 1.245148350000000015e+00
