8.553746000000006511e-02 -2.078236300000000369e-01 5.140220000000006451e-02 6.206095000000000361e-02
8.487318999999993174e-02 -6.620713000000000292e-02 5.203237000000004997e-02 5.987220999999998128e-02
8.364461000000011914e-02 1.460884999999989553e-02 5.219805000000010686e-02 3.749136999999991282e-02
8.236490999999990237e-02 5.745485000000005726e-02 5.230666000000017135e-02 2.715482000000002394e-02
8.107291999999999277e-02 7.952132000000000644e-02 5.238966000000000456e-02 2.126479999999997261e-02
7.978275000000012440e-02 9.053345000000012632e-02 5.245760000000010415e-02 1.746866000000002472e-02
7.850217000000014878e-02 9.550933999999999813e-02 5.251581999999999084e-02 1.482047000000008552e-02
7.723338999999995735e-02 9.709582999999999409e-02 5.256692999999978966e-02 1.286857999999990732e-02
7.597900999999995797e-02 9.674585999999996133e-02 5.261267999999996725e-02 1.137055000000009031e-02
7.474037000000000042e-02 9.528326999999991997e-02 5.265424000000007432e-02 1.018468000000005702e-02
7.351881999999987372e-02 9.319306999999987795e-02 5.269237999999987210e-02 9.222669999999988377e-03
7.231484999999993057e-02 9.076580999999994681e-02 5.272772000000003345e-02 8.426639999999929742e-03
7.112904999999991595e-02 8.817864999999991404e-02 5.276128000000013252e-02 7.757039999999992830e-03
6.996189000000008207e-02 8.554052000000011979e-02 5.279140999999998307e-02 7.185989999999975453e-03
6.881283000000015804e-02 8.291837999999995823e-02 5.282063000000003505e-02 6.693220000000055236e-03
6.768362999999988361e-02 8.035287000000002067e-02 5.284834000000016019e-02 6.263700000000094192e-03
6.657384999999993447e-02 7.786797000000000857e-02 5.287467999999995172e-02 5.885960000000078907e-03
6.548279000000012395e-02 7.547692000000005841e-02 5.289980999999999156e-02 5.551169999999938653e-03
6.441100999999993526e-02 7.318615999999988908e-02 5.292386000000015578e-02 5.252420000000146416e-03
6.335848999999993403e-02 7.099763000000014479e-02 5.294692000000011944e-02 4.984179999999893695e-03
6.232518999999991927e-02 6.891048999999993541e-02 5.296908999999994094e-02 4.741990000000084748e-03
6.131098999999995414e-02 6.692217000000000304e-02 5.299045999999996148e-02 4.522259999999889146e-03
6.031585000000005969e-02 6.502898999999984220e-02 5.301106999999993796e-02 4.321980000000058553e-03
5.933882000000001433e-02 6.322669999999996904e-02 5.303101999999992877e-02 4.138690000000000424e-03
5.838148999999992483e-02 6.151078000000009816e-02 5.305030999999993391e-02 3.970299999999982177e-03
5.744322999999984525e-02 5.987659999999994653e-02 5.306902999999985049e-02 3.815090000000020964e-03
5.652279999999998417e-02 5.831960000000013800e-02 5.308720000000000105e-02 3.671559999999907120e-03
5.562061000000007027e-02 5.683531000000008326e-02 5.310486999999985969e-02 3.538419999999931065e-03
5.473645999999998679e-02 5.541949999999995491e-02 5.312205999999997097e-02 3.414609999999873580e-03
5.387012000000002132e-02 5.406811000000000256e-02 5.313880000000015258e-02 3.299160000000078696e-03
5.302134999999985610e-02 5.277730999999996619e-02 5.315512999999993937e-02 3.191280000000018546e-03
5.218995999999997970e-02 5.154349999999996434e-02 5.317106000000015875e-02 3.090220000000032385e-03
5.137565999999993416e-02 5.036331000000004998e-02 5.318661999999996226e-02 2.995360000000113487e-03
5.057822000000000706e-02 4.923357999999988799e-02 5.320182999999989448e-02 2.906159999999990973e-03
4.979736999999984093e-02 4.815137000000002665e-02 5.321670000000011669e-02 2.822110000000099816e-03
4.903286000000006695e-02 4.711391999999992031e-02 5.323126999999994169e-02 2.742789999999883932e-03
4.828440999999994432e-02 4.611867000000002825e-02 5.324553000000009639e-02 2.667799999999997951e-03
4.755175999999994296e-02 4.516322000000005943e-02 5.325951000000017643e-02 2.596810000000004948e-03
4.683462000000004899e-02 4.424536999999983955e-02 5.327321000000018181e-02 2.529489999999912087e-03
4.613196000000008290e-02 4.336300000000004040e-02 5.328665999999993019e-02 2.465579999999967242e-03
4.544510999999995526e-02 4.251420999999999673e-02 5.330042000000001501e-02 2.404819999999974200e-03
4.477291999999999383e-02 4.169716999999995011e-02 5.331258000000005381e-02 2.346979999999998512e-03
4.411571999999996940e-02 4.091019999999989665e-02 5.332530999999995913e-02 2.291849999999984178e-03
4.347202999999999484e-02 4.015171999999989083e-02 5.333783000000003049e-02 2.239260000000076190e-03
4.284214000000008404e-02 3.942025999999998476e-02 5.335013000000010663e-02 2.189030000000036225e-03
4.222578999999981875e-02 3.871444000000012764e-02 5.336224000000000522e-02 2.140999999999948500e-03
4.162271000000017374e-02 3.803298000000010504e-02 5.337415999999994831e-02 2.095029999999997727e-03
4.103261000000002490e-02 3.737465000000006476e-02 5.338588999999993590e-02 2.051000000000025025e-03
4.045524000000000342e-02 3.673833999999986943e-02 5.339743999999990720e-02 2.008779999999932286e-03
3.989029999999993414e-02 3.612298999999996596e-02 5.340882999999996272e-02 1.968260000000165988e-03
