8.996322259999999460e+00 4.811799999999921695e-03 2.298581460000000298e+00 2.469107800000001074e-01
8.992585079999999564e+00 4.721083000000003693e-02 1.740545700000000195e-01 2.842321999999999349e-01
7.756877420000000356e+00 9.005323999999981233e-02 1.124709900000000484e-01 2.648176600000000658e-01
4.969231449999999661e+00 1.205585700000000315e-01 9.711814999999979214e-02 2.521074999999999289e-01
3.613637629999999490e+00 1.436409999999999076e-01 9.039048999999987899e-02 2.437462099999998522e-01
2.789971529999999866e+00 1.618105499999999974e-01 8.645306000000019253e-02 2.379123999999999128e-01
2.230393519999999796e+00 1.765340099999999079e-01 8.375953000000002646e-02 2.336383799999999233e-01
1.823528850000000201e+00 1.887430900000000022e-01 8.174720000000013087e-02 2.303808099999999914e-01
1.513629439999999882e+00 1.990582499999999921e-01 8.016132999999991959e-02 2.278189999999999937e-01
1.269476849999999990e+00 2.079204400000000952e-01 7.886670000000006731e-02 2.257591599999999588e-01
1.072155730000000196e+00 2.156460800000001843e-01 7.778437000000004709e-02 2.240665600000000257e-01
9.094856799999999630e-01 2.224622299999998720e-01 7.686251999999993423e-02 2.226530199999998683e-01
7.931782999999998918e-01 2.285515699999998152e-01 7.606611000000018663e-02 2.214564500000000269e-01
7.246322499999999778e-01 2.340383400000001224e-01 7.537014999999991360e-02 2.204297700000001914e-01
6.655368399999999074e-01 2.390371799999999602e-01 7.475613000000014274e-02 2.195431600000001815e-01
6.141865699999999872e-01 2.436196600000000156e-01 7.421001000000004844e-02 2.187695300000001009e-01
5.692852700000001764e-01 2.478578000000000170e-01 7.372085999999988815e-02 2.180889299999999587e-01
5.297963699999999054e-01 2.518007700000000071e-01 7.328007000000003046e-02 2.174860499999999863e-01
4.948755899999999208e-01 2.554889399999999977e-01 7.288068000000014202e-02 2.169489700000000187e-01
4.638543099999998809e-01 2.589549900000001070e-01 7.251706000000002206e-02 2.164651399999999448e-01
4.361701399999999840e-01 2.622342100000001341e-01 7.218455999999995321e-02 2.160329100000000224e-01
4.113601899999999034e-01 2.653416900000000744e-01 7.187929999999997932e-02 2.156432299999999636e-01
3.890524499999998831e-01 2.683001899999999385e-01 7.159805999999990789e-02 2.152880600000000033e-01
3.689160000000000217e-01 2.711264800000001696e-01 7.133807000000014220e-02 2.149642099999999889e-01
3.506809899999998592e-01 2.738296700000000250e-01 7.109700000000018782e-02 2.146685800000001088e-01
3.341210599999999697e-01 2.764276699999999032e-01 7.087285999999992647e-02 2.143977200000000138e-01
3.190323399999999143e-01 2.789277199999999901e-01 7.066390999999994094e-02 2.141510499999998984e-01
3.052495800000001314e-01 2.813341599999998888e-01 7.046865000000002155e-02 2.139223599999999781e-01
2.926276099999998159e-01 2.836568600000000107e-01 7.028576999999991415e-02 2.137112500000000193e-01
2.810411899999998298e-01 2.859018700000000024e-01 7.011414000000004698e-02 2.135160000000000391e-01
2.703787300000000116e-01 2.880793500000000673e-01 6.995273000000001851e-02 2.133352800000001270e-01
2.605494500000000713e-01 2.901858600000000177e-01 6.980066000000006987e-02 2.131674100000000571e-01
2.514662899999999812e-01 2.922290100000000113e-01 6.965715000000005652e-02 2.130114899999999700e-01
2.430570700000000972e-01 2.942124899999998267e-01 6.952147999999991335e-02 2.128663900000000719e-01
2.352556000000001202e-01 2.961394500000000818e-01 6.939303000000007771e-02 2.127311800000000197e-01
2.280105299999999335e-01 2.980126800000000298e-01 6.927123999999995618e-02 2.126048799999999961e-01
2.212658999999999043e-01 2.998347999999999569e-01 6.915559999999998375e-02 2.124869899999999312e-01
2.149783700000000852e-01 3.016083000000000514e-01 6.904566000000000869e-02 2.123766500000001667e-01
2.091087200000001367e-01 3.033348799999999734e-01 6.894100000000014106e-02 2.122713000000000516e-01
2.036198800000001974e-01 3.050165900000001429e-01 6.884125999999990420e-02 2.121746300000000307e-01
1.984815499999998956e-01 3.066552500000001569e-01 6.874608999999987091e-02 2.120841899999998947e-01
1.936632099999999745e-01 3.082523600000000030e-01 6.865517999999992682e-02 2.119993700000000203e-01
1.891405899999998308e-01 3.098066399999999110e-01 6.856825999999993648e-02 2.119195599999998958e-01
1.848890800000000390e-01 3.113252200000000691e-01 6.848507999999986495e-02 2.118448699999999629e-01
1.808888699999999794e-01 3.128065899999998845e-01 6.840537999999996011e-02 2.117745900000000958e-01
1.771193200000000800e-01 3.142516900000000835e-01 6.832895999999988312e-02 2.117084899999999159e-01
1.735638999999999932e-01 3.156606299999999976e-01 6.825561999999996132e-02 2.116464299999998300e-01
1.702063099999999718e-01 3.170369399999999338e-01 6.818517999999995638e-02 2.115882300000000438e-01
1.670344599999999957e-01 3.183802500000001423e-01 6.811747000000001329e-02 2.115331600000001089e-01
1.640324799999999250e-01 3.196915899999999144e-01 6.805232999999999421e-02 2.114814799999999995e-01
