7.040000000000000924e+00 9.700000000000001954e-01 1.799999999999999378e-01 6.999999999999984013e-02 6.299999999999998934e-01
3.849999999999999645e+00 9.799999999999999822e-01 2.600000000000000089e-01 7.999999999999984901e-02 6.200000000000001066e-01
2.379999999999999893e+00 9.400000000000001688e-01 3.000000000000000444e-01 8.999999999999985789e-02 6.000000000000000888e-01
1.600000000000000089e+00 9.000000000000001332e-01 3.299999999999998490e-01 8.999999999999985789e-02 6.000000000000000888e-01
1.140000000000000124e+00 8.499999999999998668e-01 3.499999999999998668e-01 8.999999999999985789e-02 5.800000000000000711e-01
8.699999999999998845e-01 8.000000000000000444e-01 3.600000000000000977e-01 9.999999999999986677e-02 5.700000000000000622e-01
6.899999999999999467e-01 7.600000000000000089e-01 3.800000000000001155e-01 1.099999999999998757e-01 5.500000000000000444e-01
5.700000000000000622e-01 7.299999999999999822e-01 3.900000000000001243e-01 9.999999999999986677e-02 5.400000000000000355e-01
4.899999999999999911e-01 6.900000000000001688e-01 4.000000000000001332e-01 1.099999999999998757e-01 5.300000000000000266e-01
4.300000000000001599e-01 6.600000000000001421e-01 4.100000000000001421e-01 1.099999999999998757e-01 5.200000000000000178e-01
3.800000000000001155e-01 6.300000000000001155e-01 4.200000000000001510e-01 1.199999999999998845e-01 5.000000000000000000e-01
3.500000000000000888e-01 6.200000000000001066e-01 4.200000000000001510e-01 1.200000000000001066e-01 4.899999999999999911e-01
3.300000000000000711e-01 5.900000000000000799e-01 4.300000000000001599e-01 1.200000000000001066e-01 4.799999999999999822e-01
3.099999999999998312e-01 5.700000000000000622e-01 4.399999999999999467e-01 1.300000000000001155e-01 4.699999999999999734e-01
2.899999999999998135e-01 5.500000000000000444e-01 4.399999999999999467e-01 1.300000000000001155e-01 4.599999999999999645e-01
2.799999999999998046e-01 5.300000000000000266e-01 4.499999999999999556e-01 1.400000000000001243e-01 4.500000000000001776e-01
2.700000000000000178e-01 5.100000000000000089e-01 4.499999999999999556e-01 1.400000000000001243e-01 4.400000000000001688e-01
2.600000000000000089e-01 5.000000000000000000e-01 4.499999999999999556e-01 1.400000000000001243e-01 4.300000000000001599e-01
2.600000000000000089e-01 4.799999999999999822e-01 4.499999999999999556e-01 1.500000000000001332e-01 4.300000000000001599e-01
2.500000000000000000e-01 4.699999999999999734e-01 4.599999999999999645e-01 1.600000000000001421e-01 4.100000000000001421e-01
2.500000000000000000e-01 4.500000000000001776e-01 4.599999999999999645e-01 1.600000000000001421e-01 4.000000000000001332e-01
2.399999999999999911e-01 4.400000000000001688e-01 4.699999999999999734e-01 1.700000000000001510e-01 4.000000000000001332e-01
2.399999999999999911e-01 4.300000000000001599e-01 4.699999999999999734e-01 1.800000000000001599e-01 3.900000000000001243e-01
2.399999999999999911e-01 4.200000000000001510e-01 4.799999999999999822e-01 1.700000000000001510e-01 3.800000000000001155e-01
2.299999999999999822e-01 4.100000000000001421e-01 4.799999999999999822e-01 1.800000000000001599e-01 3.800000000000001155e-01
2.399999999999999911e-01 4.000000000000001332e-01 4.799999999999999822e-01 1.900000000000001688e-01 3.700000000000001066e-01
2.299999999999999822e-01 3.900000000000001243e-01 4.799999999999999822e-01 2.000000000000001776e-01 3.700000000000001066e-01
2.299999999999999822e-01 3.800000000000001155e-01 4.899999999999999911e-01 2.000000000000001776e-01 3.600000000000000977e-01
2.199999999999999734e-01 3.700000000000001066e-01 4.899999999999999911e-01 2.100000000000001865e-01 3.600000000000000977e-01
2.299999999999999822e-01 3.700000000000001066e-01 4.899999999999999911e-01 2.200000000000001954e-01 3.500000000000000888e-01
2.299999999999999822e-01 3.600000000000000977e-01 4.899999999999999911e-01 2.299999999999999822e-01 3.500000000000000888e-01
2.199999999999999734e-01 3.600000000000000977e-01 5.000000000000000000e-01 2.399999999999999911e-01 3.400000000000000799e-01
2.199999999999999734e-01 3.500000000000000888e-01 5.000000000000000000e-01 2.500000000000000000e-01 3.400000000000000799e-01
2.199999999999999734e-01 3.400000000000000799e-01 5.000000000000000000e-01 2.500000000000000000e-01 3.400000000000000799e-01
2.299999999999999822e-01 3.300000000000000711e-01 5.000000000000000000e-01 2.500000000000000000e-01 3.300000000000000711e-01
2.299999999999999822e-01 3.300000000000000711e-01 5.000000000000000000e-01 2.600000000000000089e-01 3.300000000000000711e-01
2.199999999999999734e-01 3.200000000000000622e-01 5.000000000000000000e-01 2.700000000000000178e-01 3.300000000000000711e-01
2.199999999999999734e-01 3.200000000000000622e-01 5.100000000000000089e-01 2.800000000000000266e-01 3.200000000000000622e-01
2.199999999999999734e-01 3.100000000000000533e-01 5.100000000000000089e-01 2.900000000000000355e-01 3.200000000000000622e-01
2.199999999999999734e-01 3.100000000000000533e-01 5.100000000000000089e-01 3.000000000000000444e-01 3.200000000000000622e-01
2.199999999999999734e-01 3.000000000000000444e-01 5.100000000000000089e-01 3.100000000000000533e-01 3.200000000000000622e-01
2.299999999999999822e-01 3.000000000000000444e-01 5.100000000000000089e-01 3.200000000000000622e-01 3.100000000000000533e-01
2.299999999999999822e-01 2.900000000000000355e-01 5.100000000000000089e-01 3.300000000000000711e-01 3.100000000000000533e-01
2.299999999999999822e-01 2.900000000000000355e-01 5.100000000000000089e-01 3.500000000000000888e-01 3.100000000000000533e-01
2.199999999999999734e-01 2.800000000000000266e-01 5.100000000000000089e-01 3.600000000000000977e-01 3.000000000000000444e-01
2.199999999999999734e-01 2.800000000000000266e-01 5.100000000000000089e-01 3.700000000000001066e-01 3.000000000000000444e-01
2.199999999999999734e-01 2.700000000000000178e-01 5.200000000000000178e-01 3.800000000000001155e-01 3.000000000000000444e-01
2.199999999999999734e-01 2.700000000000000178e-01 5.300000000000000266e-01 3.900000000000001243e-01 3.000000000000000444e-01
2.199999999999999734e-01 2.700000000000000178e-01 5.300000000000000266e-01 4.000000000000001332e-01 3.000000000000000444e-01
2.199999999999999734e-01 2.600000000000000089e-01 5.300000000000000266e-01 4.100000000000001421e-01 2.900000000000000355e-01
