8.299999999999998490e-01 9.999999999999986677e-02 2.800000000000000266e-01 0.000000000000000000e+00 0.000000000000000000e+00
4.900000000000002132e-01 8.999999999999985789e-02 2.199999999999999734e-01 0.000000000000000000e+00 0.000000000000000000e+00
3.300000000000000711e-01 9.000000000000007994e-02 1.800000000000001599e-01 0.000000000000000000e+00 1.000000000000000888e-02
2.299999999999999822e-01 9.000000000000007994e-02 1.500000000000001332e-01 0.000000000000000000e+00 1.000000000000000888e-02
1.699999999999999289e-01 8.000000000000007105e-02 1.300000000000001155e-01 0.000000000000000000e+00 1.000000000000000888e-02
1.299999999999998934e-01 8.000000000000007105e-02 1.100000000000000977e-01 1.000000000000000888e-02 2.000000000000001776e-02
1.000000000000000888e-01 8.000000000000007105e-02 9.000000000000007994e-02 0.000000000000000000e+00 2.000000000000001776e-02
8.000000000000007105e-02 6.999999999999984013e-02 8.000000000000007105e-02 0.000000000000000000e+00 2.000000000000001776e-02
7.000000000000006217e-02 6.999999999999984013e-02 7.000000000000006217e-02 1.000000000000000888e-02 3.000000000000002665e-02
6.000000000000005329e-02 6.999999999999984013e-02 6.000000000000005329e-02 0.000000000000000000e+00 3.000000000000002665e-02
5.000000000000004441e-02 6.999999999999984013e-02 5.000000000000004441e-02 0.000000000000000000e+00 3.000000000000002665e-02
4.000000000000003553e-02 7.000000000000006217e-02 5.000000000000004441e-02 1.000000000000000888e-02 3.000000000000002665e-02
3.000000000000002665e-02 7.000000000000006217e-02 4.000000000000003553e-02 0.000000000000000000e+00 4.000000000000003553e-02
2.999999999999980460e-02 7.000000000000006217e-02 4.000000000000003553e-02 1.000000000000000888e-02 4.000000000000003553e-02
2.999999999999980460e-02 6.000000000000005329e-02 3.000000000000002665e-02 0.000000000000000000e+00 4.000000000000003553e-02
2.000000000000001776e-02 6.000000000000005329e-02 3.000000000000002665e-02 1.000000000000000888e-02 4.000000000000003553e-02
2.000000000000001776e-02 6.000000000000005329e-02 3.000000000000002665e-02 1.000000000000000888e-02 4.000000000000003553e-02
2.000000000000001776e-02 6.000000000000005329e-02 2.000000000000001776e-02 1.000000000000000888e-02 4.000000000000003553e-02
2.000000000000001776e-02 6.000000000000005329e-02 2.000000000000001776e-02 1.000000000000000888e-02 5.000000000000004441e-02
1.000000000000000888e-02 6.000000000000005329e-02 2.000000000000001776e-02 1.000000000000000888e-02 5.000000000000004441e-02
2.000000000000001776e-02 6.000000000000005329e-02 2.000000000000001776e-02 1.000000000000000888e-02 5.000000000000004441e-02
2.000000000000001776e-02 6.000000000000005329e-02 1.000000000000000888e-02 2.000000000000001776e-02 5.000000000000004441e-02
1.000000000000000888e-02 5.000000000000004441e-02 1.000000000000000888e-02 1.000000000000000888e-02 5.000000000000004441e-02
2.000000000000001776e-02 6.000000000000005329e-02 1.000000000000000888e-02 2.000000000000001776e-02 5.000000000000004441e-02
1.000000000000000888e-02 6.000000000000005329e-02 1.000000000000000888e-02 2.000000000000001776e-02 5.000000000000004441e-02
2.000000000000001776e-02 5.000000000000004441e-02 1.000000000000000888e-02 2.000000000000001776e-02 5.000000000000004441e-02
1.000000000000000888e-02 6.000000000000005329e-02 1.000000000000000888e-02 2.000000000000001776e-02 5.000000000000004441e-02
1.000000000000000888e-02 5.000000000000004441e-02 1.000000000000000888e-02 2.000000000000001776e-02 5.000000000000004441e-02
1.000000000000000888e-02 6.000000000000005329e-02 1.000000000000000888e-02 2.000000000000001776e-02 5.000000000000004441e-02
1.000000000000000888e-02 5.000000000000004441e-02 0.000000000000000000e+00 3.000000000000002665e-02 5.000000000000004441e-02
1.000000000000000888e-02 5.000000000000004441e-02 0.000000000000000000e+00 2.000000000000001776e-02 5.000000000000004441e-02
1.000000000000000888e-02 5.000000000000004441e-02 0.000000000000000000e+00 3.000000000000002665e-02 5.000000000000004441e-02
1.000000000000000888e-02 5.000000000000004441e-02 0.000000000000000000e+00 3.000000000000002665e-02 5.000000000000004441e-02
1.000000000000000888e-02 5.000000000000004441e-02 0.000000000000000000e+00 3.000000000000002665e-02 5.000000000000004441e-02
1.000000000000000888e-02 5.000000000000004441e-02 0.000000000000000000e+00 2.999999999999980460e-02 5.000000000000004441e-02
1.000000000000000888e-02 5.000000000000004441e-02 0.000000000000000000e+00 3.999999999999981348e-02 5.000000000000004441e-02
0.000000000000000000e+00 5.000000000000004441e-02 0.000000000000000000e+00 2.999999999999980460e-02 5.000000000000004441e-02
0.000000000000000000e+00 5.000000000000004441e-02 0.000000000000000000e+00 3.999999999999981348e-02 5.000000000000004441e-02
1.000000000000000888e-02 4.000000000000003553e-02 0.000000000000000000e+00 2.999999999999980460e-02 5.000000000000004441e-02
1.000000000000000888e-02 4.000000000000003553e-02 0.000000000000000000e+00 3.999999999999981348e-02 5.000000000000004441e-02
1.000000000000000888e-02 4.999999999999982236e-02 0.000000000000000000e+00 4.000000000000003553e-02 5.000000000000004441e-02
1.000000000000000888e-02 3.999999999999981348e-02 0.000000000000000000e+00 4.000000000000003553e-02 5.000000000000004441e-02
0.000000000000000000e+00 3.999999999999981348e-02 0.000000000000000000e+00 4.000000000000003553e-02 5.000000000000004441e-02
0.000000000000000000e+00 4.999999999999982236e-02 0.000000000000000000e+00 4.000000000000003553e-02 5.000000000000004441e-02
0.000000000000000000e+00 4.999999999999982236e-02 0.000000000000000000e+00 4.000000000000003553e-02 5.000000000000004441e-02
0.000000000000000000e+00 3.999999999999981348e-02 0.000000000000000000e+00 5.000000000000004441e-02 5.000000000000004441e-02
0.000000000000000000e+00 3.999999999999981348e-02 0.000000000000000000e+00 5.000000000000004441e-02 5.000000000000004441e-02
1.000000000000000888e-02 3.999999999999981348e-02 0.000000000000000000e+00 5.000000000000004441e-02 5.000000000000004441e-02
1.000000000000000888e-02 3.999999999999981348e-02 0.000000000000000000e+00 5.000000000000004441e-02 4.000000000000003553e-02
1.000000000000000888e-02 3.999999999999981348e-02 0.000000000000000000e+00 5.000000000000004441e-02 4.000000000000003553e-02
