6.878046499999999064e-01 8.921443299999998189e-01 8.299999999999998490e-01 1.000000000000000222e+00
7.384123700000000401e-01 1.010756539999999815e+00 9.799999999999997602e-01 9.799999999999997602e-01
7.564526999999998669e-01 1.017216160000000036e+00 9.899999999999999911e-01 9.299999999999999378e-01
7.775948299999999591e-01 1.039455809999999980e+00 1.019999999999999796e+00 9.099999999999999201e-01
7.949537199999998638e-01 1.072226050000000042e+00 1.050000000000000044e+00 8.899999999999999023e-01
8.097961399999999976e-01 1.080798020000000026e+00 1.059999999999999831e+00 8.799999999999998934e-01
8.228016499999999400e-01 1.091569360000000266e+00 1.070000000000000062e+00 8.799999999999998934e-01
8.343912399999999785e-01 1.088516729999999821e+00 1.070000000000000062e+00 8.699999999999998845e-01
8.548481900000000078e-01 1.083908470000000124e+00 1.070000000000000062e+00 8.599999999999998757e-01
8.643745000000000456e-01 1.078983379999999936e+00 1.070000000000000062e+00 8.499999999999998668e-01
8.831199899999999658e-01 1.074393340000000086e+00 1.070000000000000062e+00 8.499999999999998668e-01
9.011984900000000742e-01 1.070462369999999996e+00 1.070000000000000062e+00 8.499999999999998668e-01
8.986988499999999380e-01 1.057332970000000039e+00 1.070000000000000062e+00 8.399999999999998579e-01
9.056912299999999583e-01 1.055048019999999864e+00 1.070000000000000062e+00 8.399999999999998579e-01
9.122320299999999715e-01 1.053597420000000007e+00 1.070000000000000062e+00 8.399999999999998579e-01
9.183670600000000128e-01 1.042942940000000096e+00 1.070000000000000062e+00 8.300000000000000711e-01
9.241339799999999105e-01 1.033033950000000090e+00 1.070000000000000062e+00 8.300000000000000711e-01
9.295641299999999330e-01 1.033815060000000008e+00 1.070000000000000062e+00 8.300000000000000711e-01
9.346838900000000727e-01 1.025230789999999947e+00 1.070000000000000062e+00 8.300000000000000711e-01
9.395157100000000039e-01 1.027227920000000072e+00 1.070000000000000062e+00 8.300000000000000711e-01
9.440789899999999513e-01 1.019756720000000172e+00 1.070000000000000062e+00 8.300000000000000711e-01
9.483906300000000122e-01 1.012771390000000160e+00 1.070000000000000062e+00 8.300000000000000711e-01
9.424656399999999934e-01 1.006230110000000177e+00 1.070000000000000062e+00 8.300000000000000711e-01
9.463173499999999461e-01 1.010094990000000026e+00 1.070000000000000062e+00 8.300000000000000711e-01
9.499579000000000217e-01 1.004331739999999806e+00 1.070000000000000062e+00 8.200000000000000622e-01
9.533983799999998787e-01 9.989094200000001589e-01 1.070000000000000062e+00 8.200000000000000622e-01
9.566489999999998606e-01 9.938001400000000540e-01 1.070000000000000062e+00 8.200000000000000622e-01
9.597192999999999419e-01 9.889787099999998166e-01 1.070000000000000062e+00 8.200000000000000622e-01
9.626181599999998895e-01 9.844223999999999197e-01 1.070000000000000062e+00 8.200000000000000622e-01
9.653540299999998631e-01 9.901106500000000921e-01 1.059999999999999831e+00 8.200000000000000622e-01
9.679348399999998520e-01 9.860249500000000111e-01 1.059999999999999831e+00 8.200000000000000622e-01
9.703681600000000351e-01 9.821484699999998291e-01 1.059999999999999831e+00 8.200000000000000622e-01
9.726612100000000538e-01 9.784659499999999177e-01 1.059999999999999831e+00 8.200000000000000622e-01
9.748208400000000218e-01 9.749635199999999724e-01 1.059999999999999831e+00 8.200000000000000622e-01
9.768536100000000388e-01 9.716286100000000037e-01 1.059999999999999831e+00 8.200000000000000622e-01
9.787658800000000880e-01 9.684496599999998789e-01 1.059999999999999831e+00 8.100000000000000533e-01
9.805635499999998395e-01 9.654162200000000471e-01 1.059999999999999831e+00 8.100000000000000533e-01
9.822524800000000944e-01 9.625186800000000709e-01 1.059999999999999831e+00 8.100000000000000533e-01
9.738381400000000188e-01 9.597482699999999589e-01 1.059999999999999831e+00 8.100000000000000533e-01
9.753257900000000813e-01 9.670969099999999763e-01 1.059999999999999831e+00 8.100000000000000533e-01
9.767204799999997800e-01 9.645571900000000642e-01 1.059999999999999831e+00 8.100000000000000533e-01
9.780270100000001410e-01 9.621223100000000361e-01 1.059999999999999831e+00 8.100000000000000533e-01
9.792499799999998533e-01 9.597859900000000888e-01 1.059999999999999831e+00 8.100000000000000533e-01
9.803937900000001537e-01 9.575424100000000660e-01 1.059999999999999831e+00 8.100000000000000533e-01
9.814625599999999839e-01 9.553862499999998814e-01 1.059999999999999831e+00 8.100000000000000533e-01
9.824603200000001646e-01 9.533124900000000679e-01 1.059999999999999831e+00 8.100000000000000533e-01
9.833907899999998481e-01 9.513165999999999567e-01 1.059999999999999831e+00 8.100000000000000533e-01
9.842576700000000844e-01 9.493942900000000851e-01 1.059999999999999831e+00 8.100000000000000533e-01
9.850643599999997502e-01 9.475416100000000341e-01 1.059999999999999831e+00 8.100000000000000533e-01
9.858140699999997647e-01 9.457548700000000252e-01 1.059999999999999831e+00 8.100000000000000533e-01
