1.650468800000000069e-01 7.977890490000000057e+00 2.972733099999997908e-01 2.479109170000000084e+00
1.953111299999998884e-01 7.938283800000000667e+00 6.225305700000001163e-01 6.147523900000000374e-01
2.200015900000000801e-01 4.006290240000000225e+00 7.897093199999998259e-01 3.714026899999998133e-01
2.419312399999999919e-01 2.647093190000000096e+00 1.080657960000000140e+00 2.671836400000000555e-01
2.619490700000000061e-01 1.962761799999999779e+00 1.251854960000000183e+00 2.088803799999998656e-01
2.804992600000002501e-01 1.748844240000000161e+00 1.356035529999999989e+00 1.715422399999999570e-01
2.978558199999998823e-01 1.582621970000000156e+00 1.415428839999999910e+00 1.455596200000000007e-01
3.142045399999999766e-01 1.449045779999999839e+00 1.460416099999999773e+00 1.264269899999999058e-01
3.296798599999999357e-01 1.338831839999999884e+00 1.495643020000000156e+00 1.117471300000001388e-01
3.443839199999998435e-01 1.245978720000000095e+00 1.523962379999999950e+00 1.001257900000001033e-01
3.583955900000002082e-01 1.166438750000000191e+00 1.547218289999999996e+00 9.069638000000002087e-02
3.717794599999999505e-01 1.097371900000000178e+00 1.566654109999999989e+00 8.289166999999997287e-02
3.845883500000000232e-01 1.036719130000000044e+00 1.583137859999999897e+00 7.632475000000016330e-02
3.968664100000001138e-01 9.829467699999998587e-01 1.597293580000000102e+00 7.072262999999989752e-02
4.086512500000001324e-01 9.348852799999998187e-01 1.609581299999999882e+00 6.588709999999986522e-02
4.199752599999997393e-01 8.916248200000003177e-01 1.620347489999999890e+00 6.167082000000001507e-02
4.308667099999998751e-01 8.524459199999998571e-01 1.629858020000000352e+00 5.796194999999992881e-02
4.413504200000000210e-01 8.167704700000000262e-01 1.638320300000000174e+00 5.467404000000009034e-02
4.514484899999999801e-01 7.841283200000002118e-01 1.645898429999999912e+00 5.173925000000001440e-02
4.611806299999998693e-01 7.541322100000000805e-01 1.652724030000000344e+00 4.910361999999990346e-02
4.705646599999997459e-01 7.264601900000000612e-01 1.658903839999999796e+00 4.672355000000005809e-02
4.796167300000002687e-01 7.008419999999999650e-01 1.664525320000000086e+00 4.456360000000003652e-02
4.883516199999999863e-01 6.770490900000001311e-01 1.669660830000000207e+00 4.259456999999988724e-02
4.967828900000001990e-01 6.548861399999998945e-01 1.674370750000000019e+00 4.079222999999987387e-02
5.049230400000002117e-01 6.341858699999998183e-01 1.678705869999999933e+00 3.913625000000009457e-02
5.127837700000001941e-01 6.148034600000000793e-01 1.682709200000000127e+00 3.760950000000007343e-02
5.203758900000001741e-01 5.966131799999998542e-01 1.686417409999999784e+00 3.619742000000014670e-02
5.277096800000002919e-01 5.795051000000002173e-01 1.689861969999999936e+00 3.488755999999981761e-02
5.347946599999997552e-01 5.633827600000000935e-01 1.693070029999999893e+00 3.366918999999990447e-02
5.416398300000000443e-01 5.481611199999998352e-01 1.696065120000000093e+00 3.253308000000010303e-02
5.482538299999999420e-01 5.337647899999999890e-01 1.698867789999999989e+00 3.147113000000012484e-02
5.546447699999998981e-01 5.201267699999998495e-01 1.701495959999999918e+00 3.047634000000010168e-02
5.608203899999999464e-01 5.071873000000000076e-01 1.703965469999999982e+00 2.954250999999996630e-02
5.667881399999998848e-01 4.948927899999997493e-01 1.706290230000000019e+00 2.866422999999995724e-02
5.725550300000001869e-01 4.831951500000000177e-01 1.708482630000000224e+00 2.783665000000001832e-02
5.781278900000001997e-01 4.720510200000000989e-01 1.710553659999999976e+00 2.705552999999993879e-02
5.835132000000000652e-01 4.614212300000000155e-01 1.712513089999999849e+00 2.631705000000006400e-02
5.887172800000000095e-01 4.512702600000000341e-01 1.714369760000000298e+00 2.561781999999990234e-02
5.937461099999998826e-01 4.415658700000000270e-01 1.716131499999999921e+00 2.495478000000006524e-02
5.986052899999998456e-01 4.322786700000000870e-01 1.717805419999999916e+00 2.432520999999998601e-02
6.033006699999998723e-01 4.233818499999999485e-01 1.719397940000000347e+00 2.372663000000008182e-02
6.078375499999997267e-01 4.148508899999998611e-01 1.720914840000000279e+00 2.315679000000003818e-02
6.122211099999999018e-01 4.066632600000001929e-01 1.722361389999999659e+00 2.261369000000001961e-02
6.164564200000002270e-01 3.987983399999999179e-01 1.723742360000000140e+00 2.209547999999994516e-02
6.205481999999999942e-01 3.912372000000001737e-01 1.725062120000000032e+00 2.160048000000003299e-02
6.245012599999999470e-01 3.839621799999999308e-01 1.726324659999999955e+00 2.112718999999985137e-02
6.283201599999999054e-01 3.769571900000001641e-01 1.727533609999999609e+00 2.067419000000003670e-02
6.320090200000001435e-01 3.702071999999998475e-01 1.728692310000000010e+00 2.024020999999986969e-02
6.355724000000000373e-01 3.636983700000000486e-01 1.729803829999999820e+00 1.982408000000002168e-02
6.390142000000000877e-01 3.574178099999998359e-01 1.730871000000000048e+00 1.942471000000001169e-02
