1.450000000000000178e+00 1.078687600000000080e+00 1.649762739999999894e+00 8.576160299999999737e-01 8.422329200000000515e-01
1.230000000000000204e+00 1.080798690000000173e+00 1.414879690000000023e+00 8.621690300000000029e-01 8.510169899999999732e-01
1.199999999999999734e+00 1.067114969999999996e+00 1.276662819999999865e+00 8.667697800000000452e-01 8.596605299999999783e-01
1.150000000000000133e+00 1.061352910000000094e+00 1.187379769999999946e+00 8.713834099999999694e-01 8.681652399999999492e-01
1.100000000000000089e+00 1.054852480000000092e+00 1.126699349999999988e+00 8.759777099999999095e-01 8.765327300000000932e-01
1.049999999999999822e+00 1.048192799999999814e+00 1.074182410000000143e+00 8.805233500000000380e-01 8.847645699999999724e-01
1.030000000000000027e+00 1.041645009999999871e+00 1.043882629999999923e+00 8.849941999999999531e-01 8.928622699999999579e-01
9.999999999999997780e-01 1.035338659999999855e+00 1.012162929999999905e+00 8.893675800000000464e-01 9.008273799999999554e-01
9.899999999999997691e-01 1.029332419999999804e+00 9.966772299999999696e-01 8.936242399999998476e-01 9.086612499999999759e-01
9.699999999999997513e-01 1.023648049999999810e+00 9.758474499999998386e-01 8.977481199999999273e-01 9.163653300000000890e-01
9.599999999999999645e-01 1.018287359999999975e+00 9.585754600000000458e-01 9.017263199999998591e-01 9.239409700000000836e-01
9.499999999999999556e-01 1.013241789999999920e+00 9.440751999999998922e-01 9.055489800000000589e-01 9.213895000000000834e-01
9.399999999999999467e-01 1.008497109999999974e+00 9.317703699999999589e-01 9.092085699999998827e-01 9.287121899999999375e-01
9.399999999999999467e-01 1.004036539999999977e+00 9.312297000000000491e-01 9.127004800000000362e-01 9.359103699999999915e-01
9.399999999999999467e-01 9.998423600000001521e-01 9.221246400000000509e-01 9.160220100000000532e-01 9.429851899999999176e-01
9.299999999999999378e-01 9.958968999999999738e-01 9.142009499999999012e-01 9.191723899999999503e-01 9.499379100000000520e-01
9.199999999999999289e-01 9.921830300000000769e-01 9.072591199999999745e-01 9.221521399999998980e-01 9.567697200000000457e-01
9.199999999999999289e-01 9.886844599999999872e-01 9.011406699999999770e-01 9.249637399999999232e-01 9.534817600000000670e-01
9.199999999999999289e-01 9.853859300000000765e-01 8.957183300000000070e-01 9.276104299999998748e-01 9.600751899999999672e-01
9.099999999999999201e-01 9.822731999999998465e-01 8.908886700000000491e-01 9.300964299999998630e-01 9.665511200000000969e-01
9.099999999999999201e-01 9.793330399999997660e-01 8.865672499999999179e-01 9.324267799999998996e-01 9.729106700000000885e-01
9.099999999999999201e-01 9.765532499999998173e-01 8.826841899999999796e-01 9.346070499999998837e-01 9.791549399999999181e-01
8.999999999999999112e-01 9.739225799999999822e-01 8.791813600000000228e-01 9.366432399999999880e-01 9.752849400000001001e-01
8.999999999999999112e-01 9.714306100000000832e-01 8.760101000000000138e-01 9.385416600000000553e-01 9.813018000000000018e-01
8.999999999999999112e-01 9.690678099999998629e-01 8.831293399999999849e-01 9.403088399999999236e-01 9.872065199999997542e-01
8.999999999999999112e-01 9.668253500000001388e-01 8.805042400000000491e-01 9.419512599999999569e-01 9.930001600000000206e-01
8.899999999999999023e-01 9.646951299999999563e-01 8.781051200000000723e-01 9.434756399999999488e-01 9.886837399999999221e-01
8.999999999999999112e-01 9.626696699999999218e-01 8.759064899999999820e-01 9.448884799999999196e-01 9.942582799999999388e-01
8.999999999999999112e-01 9.607420800000001648e-01 8.738863900000000129e-01 9.461961599999999528e-01 9.997247499999999398e-01
8.999999999999999112e-01 9.589060099999999753e-01 8.720258000000000731e-01 9.474050599999999100e-01 1.005084179999999883e+00
8.999999999999999112e-01 9.571555899999999451e-01 8.703082300000000160e-01 9.485212499999999824e-01 1.000337550000000020e+00
8.999999999999999112e-01 9.554853899999999900e-01 8.687192399999998926e-01 9.495506499999999406e-01 1.005485839999999742e+00
8.999999999999999112e-01 9.538904200000000166e-01 8.672461700000000384e-01 9.504988899999997631e-01 1.010530040000000129e+00
8.999999999999999112e-01 9.523659799999999453e-01 8.658779699999998858e-01 9.513713999999999782e-01 1.015471109999999788e+00
8.899999999999999023e-01 9.509078399999999487e-01 8.646047999999999512e-01 9.521733500000000294e-01 1.010310029999999859e+00
8.899999999999999023e-01 9.495119699999998719e-01 8.634180000000000188e-01 9.529095899999997510e-01 1.015047759999999855e+00
8.899999999999999023e-01 9.481746899999998757e-01 8.623098499999999333e-01 9.535848899999999073e-01 1.019685260000000149e+00
8.899999999999999023e-01 9.468925599999999942e-01 8.612734900000000859e-01 9.542035799999999401e-01 1.024223499999999731e+00
8.899999999999999023e-01 9.456623799999999136e-01 8.603028500000000633e-01 9.547698199999998803e-01 1.018663429999999925e+00
8.899999999999999023e-01 9.444811799999999202e-01 8.593924099999998845e-01 9.552874900000001279e-01 1.023006009999999799e+00
8.899999999999999023e-01 9.433461999999999126e-01 8.585372799999999582e-01 9.657602499999997647e-01 1.027252199999999727e+00
8.899999999999999023e-01 9.422548600000000274e-01 8.577330100000000179e-01 9.661915300000001317e-01 1.031402960000000091e+00
8.899999999999999023e-01 9.412047399999998731e-01 8.569755900000000093e-01 9.665845399999999366e-01 1.025459139999999714e+00
8.899999999999999023e-01 9.401936099999999019e-01 8.562614799999999082e-01 9.669422499999997811e-01 1.029421960000000080e+00
8.899999999999999023e-01 9.392193499999998973e-01 8.555873999999998869e-01 9.672674599999999678e-01 1.033292139999999915e+00
8.899999999999999023e-01 9.382800300000000426e-01 8.549503899999999490e-01 9.675627499999999159e-01 1.037070700000000123e+00
8.899999999999999023e-01 9.373737799999999343e-01 8.543477600000000116e-01 9.678305499999999562e-01 1.030758609999999686e+00
8.899999999999999023e-01 9.364989100000000732e-01 8.537770600000000876e-01 9.680730799999999192e-01 1.034356810000000015e+00
8.899999999999999023e-01 9.356537799999999905e-01 8.532360599999999629e-01 9.682924499999998602e-01 1.037866289999999969e+00
8.899999999999999023e-01 9.248368999999998508e-01 8.527227200000000451e-01 9.684904899999997596e-01 1.041287980000000113e+00
