7.401971499999999704e-01 -9.411430000000109430e-03 3.848001800000000472e-01 2.071159899999999165e-01
7.256019899999999190e-01 3.452004000000008510e-02 3.050139300000000997e-01 3.152185299999998858e-01
7.041838499999999446e-01 8.122823000000001237e-02 3.214365100000000641e-01 3.009256999999998516e-01
6.794509400000001698e-01 1.227744200000000507e-01 3.311180299999998411e-01 2.916563800000000484e-01
6.526653300000000435e-01 1.565521400000000618e-01 3.372960400000000192e-01 2.857540300000001032e-01
6.251116499999997966e-01 1.831095400000000151e-01 3.415795500000000651e-01 2.817370500000000444e-01
5.979343500000000589e-01 2.038549400000000400e-01 3.447344900000000045e-01 2.788465899999998943e-01
5.719925699999999225e-01 2.201555299999999882e-01 3.471665699999999521e-01 2.766759500000000038e-01
5.477885000000000115e-01 2.331118100000000304e-01 3.491062600000001126e-01 2.749910700000000041e-01
5.255342199999999409e-01 2.435579900000000020e-01 3.506953900000000512e-01 2.736485399999999402e-01
5.052313400000001398e-01 2.521080599999998562e-01 3.520258599999999127e-01 2.725560299999998382e-01
4.867585000000000939e-01 2.592166799999999771e-01 3.531598800000002036e-01 2.716515699999999534e-01
4.699376400000001563e-01 2.652190800000000515e-01 3.541409500000001209e-01 2.708920100000000719e-01
4.545758399999999533e-01 2.703646600000000344e-01 3.550004200000000942e-01 2.702461399999998015e-01
4.404908000000000712e-01 2.748405100000002044e-01 3.557614999999998417e-01 2.696913400000000571e-01
4.275149999999998673e-01 2.787875399999999448e-01 3.564417499999998906e-01 2.692105000000000192e-01
4.155030900000000749e-01 2.823138700000000778e-01 3.570547400000001481e-01 2.687905099999998715e-01
4.043306700000000031e-01 2.855023799999998335e-01 3.576111200000000601e-01 2.684211599999999365e-01
3.938926199999999156e-01 2.884173199999999770e-01 3.581193700000000479e-01 2.680944199999999444e-01
3.841007100000000118e-01 2.911089000000000038e-01 3.585854800000001230e-01 2.678039100000000339e-01
3.748810900000001389e-01 2.936165200000000475e-01 3.590166799999998659e-01 2.675442299999999385e-01
3.661710799999999821e-01 2.959715600000001334e-01 3.594166500000000042e-01 2.673112399999999500e-01
3.579203099999999083e-01 2.981984499999998928e-01 3.597892299999998489e-01 2.671014099999999836e-01
3.500836499999999685e-01 3.003172999999998982e-01 3.601375799999999572e-01 2.669118099999998606e-01
3.426236200000001286e-01 3.023440799999999040e-01 3.604644100000000684e-01 2.667399699999999374e-01
3.355084100000000902e-01 3.042916799999999533e-01 3.607719999999998706e-01 2.665838099999999766e-01
3.287103700000000295e-01 3.061706099999998987e-01 3.610623400000001482e-01 2.664415600000000772e-01
3.222056200000000814e-01 3.079893900000001405e-01 3.613371299999998953e-01 2.663117200000000295e-01
3.159732700000001948e-01 3.097550099999999418e-01 3.615978600000000487e-01 2.661929400000000445e-01
3.099940699999998994e-01 3.114732399999999846e-01 3.618458099999999344e-01 2.660841200000001461e-01
3.042537199999999498e-01 3.131497599999999437e-01 3.620821200000001738e-01 2.659842699999999116e-01
2.987366099999999580e-01 3.147865899999999773e-01 3.623077800000000792e-01 2.658925300000001268e-01
2.934297699999999232e-01 3.163879499999999734e-01 3.625236700000000756e-01 2.658081500000000208e-01
2.883214600000001404e-01 3.179565399999999542e-01 3.627305700000000854e-01 2.657304599999998906e-01
2.834010000000000140e-01 3.194946199999999514e-01 3.629291599999999729e-01 2.656589900000001503e-01
2.786586399999999575e-01 3.210042199999998402e-01 3.631200900000000065e-01 2.655929599999999891e-01
2.740854299999999633e-01 3.224867300000000547e-01 3.633038799999999124e-01 2.655320300000001410e-01
2.696731500000000281e-01 3.239436400000001992e-01 3.634810499999998612e-01 2.654758200000000290e-01
2.654141300000001369e-01 3.253760999999999459e-01 3.636520599999999437e-01 2.654239400000000249e-01
2.613012900000000194e-01 3.267851200000000400e-01 3.638172900000000709e-01 2.653760499999999745e-01
2.573280000000000012e-01 3.281715499999999786e-01 3.639771499999999715e-01 2.653318499999999247e-01
2.534880500000000758e-01 3.295361400000000884e-01 3.641319499999999820e-01 2.652910700000001842e-01
2.497756700000000052e-01 3.308795199999998715e-01 3.642820099999999339e-01 2.652534399999999515e-01
2.461853700000000700e-01 3.322022900000001222e-01 3.644276100000001239e-01 2.652187799999998763e-01
2.427120199999999173e-01 3.335049199999999825e-01 3.645690299999999606e-01 2.651868399999999237e-01
2.393501000000000101e-01 3.347878799999999266e-01 3.647064800000001661e-01 2.651574699999998952e-01
2.360964400000000740e-01 3.360515599999998049e-01 3.648402100000001091e-01 2.651304799999998352e-01
2.329459300000000788e-01 3.372963600000000728e-01 3.649704199999999066e-01 2.651057299999999284e-01
2.298944300000000940e-01 3.385225800000000174e-01 3.650972699999999183e-01 2.650830500000000978e-01
2.269380600000001635e-01 3.397305600000000148e-01 3.652209599999998169e-01 2.650623299999999016e-01
