1.150000000000000355e+00 5.500000000000000444e-01 2.220000000000000195e+00 2.339999999999999858e+00 4.400000000000001688e-01
1.089999999999999858e+00 6.399999999999999023e-01 1.850000000000000089e+00 2.280000000000000249e+00 4.699999999999999734e-01
1.039999999999999813e+00 6.799999999999999378e-01 1.599999999999999867e+00 2.209999999999999964e+00 4.899999999999999911e-01
1.009999999999999787e+00 7.099999999999997424e-01 1.419999999999999929e+00 2.149999999999999911e+00 5.200000000000000178e-01
9.799999999999999822e-01 7.399999999999999911e-01 1.290000000000000036e+00 2.089999999999999858e+00 5.500000000000000444e-01
9.700000000000001954e-01 7.600000000000002309e-01 1.180000000000000160e+00 2.020000000000000462e+00 5.699999999999998401e-01
9.499999999999999556e-01 7.700000000000000178e-01 1.100000000000000089e+00 1.960000000000000187e+00 6.000000000000000888e-01
9.399999999999999467e-01 7.900000000000002576e-01 1.030000000000000027e+00 1.900000000000000133e+00 6.299999999999998934e-01
9.300000000000001599e-01 8.000000000000000444e-01 9.700000000000001954e-01 1.839999999999999858e+00 6.399999999999999023e-01
9.200000000000001510e-01 8.200000000000000622e-01 9.200000000000001510e-01 1.779999999999999805e+00 6.700000000000001510e-01
9.100000000000001421e-01 8.200000000000002842e-01 8.799999999999998934e-01 1.729999999999999982e+00 6.999999999999999556e-01
9.099999999999999201e-01 8.299999999999998490e-01 8.399999999999998579e-01 1.659999999999999920e+00 7.199999999999999734e-01
9.000000000000001332e-01 8.399999999999998579e-01 8.099999999999998312e-01 1.610000000000000098e+00 7.400000000000002132e-01
8.899999999999999023e-01 8.400000000000000799e-01 7.800000000000000266e-01 1.549999999999999822e+00 7.700000000000000178e-01
8.799999999999998934e-01 8.600000000000000977e-01 7.600000000000002309e-01 1.500000000000000000e+00 7.900000000000000355e-01
8.800000000000001155e-01 8.599999999999998757e-01 7.400000000000002132e-01 1.440000000000000169e+00 8.199999999999998401e-01
8.700000000000001066e-01 8.699999999999998845e-01 7.200000000000001954e-01 1.390000000000000124e+00 8.500000000000000888e-01
8.600000000000000977e-01 8.700000000000001066e-01 7.100000000000001865e-01 1.339999999999999858e+00 8.700000000000001066e-01
8.599999999999998757e-01 8.800000000000001155e-01 6.900000000000001688e-01 1.289999999999999813e+00 8.899999999999999023e-01
8.499999999999998668e-01 8.800000000000001155e-01 6.700000000000001510e-01 1.239999999999999991e+00 9.099999999999999201e-01
8.400000000000000799e-01 8.799999999999998934e-01 6.599999999999999201e-01 1.189999999999999947e+00 9.400000000000001688e-01
8.399999999999998579e-01 8.899999999999999023e-01 6.499999999999999112e-01 1.179999999999999938e+00 9.699999999999999734e-01
8.400000000000000799e-01 8.999999999999999112e-01 6.400000000000001243e-01 1.170000000000000151e+00 9.899999999999999911e-01
8.299999999999998490e-01 8.900000000000001243e-01 6.299999999999998934e-01 1.160000000000000142e+00 1.020000000000000240e+00
8.300000000000000711e-01 9.000000000000001332e-01 6.200000000000001066e-01 1.150000000000000133e+00 1.039999999999999813e+00
8.199999999999998401e-01 9.100000000000001421e-01 6.099999999999998757e-01 1.150000000000000133e+00 1.070000000000000062e+00
8.200000000000000622e-01 9.100000000000001421e-01 6.000000000000000888e-01 1.129999999999999893e+00 1.090000000000000080e+00
8.099999999999998312e-01 9.200000000000001510e-01 5.899999999999998579e-01 1.129999999999999893e+00 1.119999999999999885e+00
8.199999999999998401e-01 9.200000000000001510e-01 5.899999999999998579e-01 1.119999999999999885e+00 1.139999999999999902e+00
8.100000000000000533e-01 9.199999999999999289e-01 5.900000000000000799e-01 1.100000000000000089e+00 1.170000000000000151e+00
7.999999999999998224e-01 9.199999999999999289e-01 5.799999999999998490e-01 1.100000000000000089e+00 1.190000000000000169e+00
7.999999999999998224e-01 9.299999999999999378e-01 5.799999999999998490e-01 1.090000000000000080e+00 1.219999999999999973e+00
8.000000000000000444e-01 9.299999999999999378e-01 5.700000000000000622e-01 1.069999999999999840e+00 1.239999999999999991e+00
7.899999999999998135e-01 9.399999999999999467e-01 5.600000000000000533e-01 1.069999999999999840e+00 1.270000000000000240e+00
7.899999999999998135e-01 9.399999999999999467e-01 5.600000000000000533e-01 1.060000000000000053e+00 1.289999999999999813e+00
7.800000000000000266e-01 9.399999999999999467e-01 5.500000000000000444e-01 1.040000000000000258e+00 1.320000000000000062e+00
7.900000000000000355e-01 9.499999999999999556e-01 5.500000000000000444e-01 1.040000000000000258e+00 1.340000000000000080e+00
7.799999999999998046e-01 9.499999999999999556e-01 5.500000000000000444e-01 1.030000000000000249e+00 1.369999999999999885e+00
7.799999999999998046e-01 9.599999999999999645e-01 5.400000000000000355e-01 1.020000000000000018e+00 1.389999999999999902e+00
7.799999999999998046e-01 9.599999999999999645e-01 5.400000000000000355e-01 1.010000000000000009e+00 1.420000000000000151e+00
7.700000000000000178e-01 9.500000000000001776e-01 5.300000000000000266e-01 1.000000000000000000e+00 1.440000000000000169e+00
7.700000000000000178e-01 9.600000000000001865e-01 5.300000000000000266e-01 9.900000000000002132e-01 1.460000000000000187e+00
7.800000000000000266e-01 9.600000000000001865e-01 5.300000000000000266e-01 9.800000000000002043e-01 1.489999999999999991e+00
7.699999999999997957e-01 9.600000000000001865e-01 5.200000000000000178e-01 9.800000000000002043e-01 1.510000000000000009e+00
7.699999999999997957e-01 9.600000000000001865e-01 5.200000000000000178e-01 9.700000000000001954e-01 1.539999999999999813e+00
7.699999999999997957e-01 9.700000000000001954e-01 5.200000000000000178e-01 9.499999999999999556e-01 1.559999999999999831e+00
7.600000000000000089e-01 9.700000000000001954e-01 5.200000000000000178e-01 9.499999999999999556e-01 1.590000000000000080e+00
7.600000000000000089e-01 9.700000000000001954e-01 5.100000000000000089e-01 9.399999999999999467e-01 1.610000000000000098e+00
7.600000000000000089e-01 9.800000000000002043e-01 5.100000000000000089e-01 9.300000000000001599e-01 1.649999999999999911e+00
7.600000000000000089e-01 9.800000000000002043e-01 5.100000000000000089e-01 9.200000000000001510e-01 1.669999999999999929e+00
